AlphaS_MZ: 0.118
AlphaS_OrderQCD: 0
AlphaS_Qs: [1.295, 1.47501, 1.69118, 1.95256, 2.27086, 2.6614, 3.14436, 3.74658, 4.50406, 5.4656, 6.69795, 8.29341, 10.381, 13.1432, 16.8411, 21.8531, 28.7344, 38.312, 51.8341, 71.2145, 99.4332, 141.209, 204.142, 300.703, 451.743, 692.831, 1085.93, 1741.38, 2860.29, 4818.13, 8334.02, 14822.6, 27145.8, 51266.7, 100000.0]
AlphaS_Type: ipol
AlphaS_Vals: [0.420071, 0.389564, 0.361942, 0.336844, 0.313967, 0.293052, 0.273881, 0.256264, 0.240039, 0.225066, 0.211221, 0.198396, 0.186496, 0.175439, 0.16515, 0.155563, 0.146619, 0.138266, 0.130456, 0.123146, 0.116299, 0.109879, 0.103854, 0.0981964, 0.0928794, 0.0878793, 0.0831741, 0.0787438, 0.07457, 0.0706356, 0.0669252, 0.0634242, 0.0601195, 0.0569986, 0.0540502]
Authors: null
DataVersion: 1
FlavorScheme: variable
Flavors: []
ForcePositive: 0
Format: lhagrid1
MBottom: 4.75
MCharm: 1.3
MDown: 0
MStrange: 0
MTop: 172
MUp: 0
MZ: 91.1876
NumFlavors: 3
NumMembers: 1
OrderQCD: 0
Particle: 2212
Prova: prova
QMax: 100000
QMin: 1.295
Reference: null
SetDesc: Evolved PDF
SetIndex: 0
XMax: 1
XMin: 1.0e-09
