(* ::Package:: *)

(* from 1707.08315 *)
gqq3nssN1 = 0;
gqq3nssN3 = 18.9700898832 nf \[Minus] 1.6109396433 nf^2;
gqq3nssN5 = 9.1402406178 nf + 0.1525610933 nf^2;
gqq3nssN7 = 4.0470106556 nf + 0.3095914493 nf^2;
gqq3nssN9 = 1.9658456985 nf + 0.2887522942 nf^2;
gqq3nssN11 = 1.0102117327 nf + 0.2474854100 nf^2;
gqq3nssN13 = 0.5255291656 nf + 0.2099342070 nf^2;
gqq3nssN15 = 0.2612077170 nf + 0.1791623892 nf^2;
gqq3nssN17 = 0.1094470531 nf + 0.1544243611 nf^2;
