(* ::Package:: *)

(*Low moments from 1707.08315 *)
gqq3nsmN1 = 0;
gqq3nsmN3 = 22101.772707 + 999.3940009 \[Minus] (5359.5335080 + 139.7317364 )nf + (183.02229066 + 5.91723185 ) nf^2 + 3.058631170 nf^3;
gqq3nsmN5 = 30431.615620 + 841.7002595 \[Minus] (7466.3287550 + 160.0856189 )nf + (268.62851396 + 8.47774637 ) nf^2 + 4.534727508 nf^3;
gqq3nsmN7 = 35914.342449 + 722.2583518 \[Minus] (8861.7720221 + 171.1596475 )nf + (325.00219825 + 10.13425314 ) nf^2 + 5.534366480 nf^3;
gqq3nsmN9 = 40092.293568 + 632.8933507 \[Minus] (9925.1782168 + 178.6640945 )nf + (367.49639662 + 11.36914948 ) nf^2 + 6.295934539 nf^3;
gqq3nsmN11 = 43499.696829 + 561.6966621 \[Minus] (10791.034298 + 184.1995847 )nf + (401.78232680 + 12.35557815 ) nf^2 + 6.912368819 nf^3;
gqq3nsmN13 = 46390.354670 + 502.2596221 \[Minus] (11524.077148 + 188.4837700 )nf + (430.59996163 + 13.17711657 ) nf^2 + 7.430544877 nf^3;
gqq3nsmN15 = 48907.084426 + 451.0029039 \[Minus] (12160.990233 + 191.9086558 )nf + (455.49394328 + 13.88095204 ) nf^2 + 7.877634036 nf^3;
