(* ::Package:: *)

(*
Non Singlet nf^0 and nf^1 parts
Expessions are taken from 1707.08315
*)
eta = 1/(n)*1/(n+1);
nu = 1/(n-1)*1/(n+2);
D1 = 1/(n+1);

(* eq 3.6, 3.7 *)
gqq3Lncnf0 = (
	cf*nc^3 * (
        8 * (
          - 64*S[1,1,1,3,1,n]
          + 80*S[1,1,1,4,n]
          + 64*S[1,1,3,1,1,n]
          - 64*S[1,1,3,2,n]
          - 48*S[1,1,4,1,n]
          + 16*S[1,1,5,n]
          - 24*S[1,2,2,2,n]
          - 12*S[1,2,4,n]
          - 40*S[1,3,1,2,n]
          - 40*S[1,3,2,1,n]
          + 44*S[1,3,3,n]
          - 104*S[1,4,1,1,n]
          + 100*S[1,4,2,n]
          + 92*S[1,5,1,n]
          - 40*S[1,6,n]
          - 24*S[2,1,2,2,n]
          - 12*S[2,1,4,n]
          - 24*S[2,2,1,2,n]
          - 24*S[2,2,2,1,n]
          + 24*S[2,2,3,n]
          - 72*S[2,3,1,1,n]
          + 76*S[2,3,2,n]
          + 72*S[2,4,1,n]
          - 32*S[2,5,n]
          - 24*S[3,1,1,2,n]
          - 24*S[3,1,2,1,n]
          + 28*S[3,1,3,n]
          - 24*S[3,2,1,1,n]
          + 48*S[3,2,2,n]
          + 44*S[3,3,1,n]
          - 28*S[3,4,n]
          - 24*S[4,1,1,1,n]
          + 56*S[4,1,2,n]
          + 56*S[4,2,1,n]
          - 52*S[4,3,n]
          + 88*S[5,1,1,n]
          - 72*S[5,2,n]
          - 56*S[6,1,n]
          + 20*S[7,n]
          + 32*S[1,1,3,1,n]*eta
          - 40*S[1,1,4,n]*eta
          - 32*S[1,3,1,1,n]*eta
          + 32*S[1,3,2,n]*eta
          + 24*S[1,4,1,n]*eta
          - 8*S[1,5,n]*eta
          + 12*S[2,2,2,n]*eta
          + 6*S[2,4,n]*eta
          + 20*S[3,1,2,n]*eta
          + 20*S[3,2,1,n]*eta
          - 22*S[3,3,n]*eta
          + 52*S[4,1,1,n]*eta
          - 50*S[4,2,n]*eta
          - 46*S[5,1,n]*eta
          + 20*S[6,n]*eta
          + 16*S[1,1,3,n]*eta^2
          + 12*S[1,2,2,n]*eta^2
          - 24*S[1,2,2,n]*D1^2
          - 12*S[1,3,1,n]*eta^2
          - 32*S[1,3,1,n]*D1^2
          - 2*S[1,4,n]*eta^2
          + 28*S[1,4,n]*D1^2
          + 12*S[2,1,2,n]*eta^2
          - 24*S[2,1,2,n]*D1^2
          + 12*S[2,2,1,n]*eta^2
          - 24*S[2,2,1,n]*D1^2
          - 20*S[2,3,n]*eta^2
          + 24*S[2,3,n]*D1^2
          + 32*S[3,1,1,n]*eta^2
          - 40*S[3,1,1,n]*D1^2
          - 32*S[3,2,n]*eta^2
          + 44*S[3,2,n]*D1^2
          - 22*S[4,1,n]*eta^2
          + 48*S[4,1,n]*D1^2
          + 14*S[5,n]*eta^2
          - 24*S[5,n]*D1^2
          + 12*S[1,1,2,n]*eta^3
          + 12*S[1,2,1,n]*eta^3
          - 22*S[1,3,n]*eta^3
          + 12*S[2,1,1,n]*eta^3
          - 18*S[2,2,n]*eta^3
          - 12*S[2,2,n]*D1^3
          - 8*S[3,1,n]*eta^3
          - 16*S[3,1,n]*D1^3
          + 11*S[4,n]*eta^3
          + 14*S[4,n]*D1^3
          + 12*S[1,1,1,n]*eta^4
          - 24*S[1,1,1,n]*D1^4
          - 17*S[1,2,n]*eta^4
          + 12*S[1,2,n]*D1^4
          - 17*S[2,1,n]*eta^4
          + 12*S[2,1,n]*D1^4
          + 27/2*S[3,n]*eta^4
          - 4*S[3,n]*D1^4
          - 22*S[1,1,n]*eta^5
          - 40*S[1,1,n]*D1^5
          + 29/2*S[2,n]*eta^5
          + 20*S[2,n]*D1^5
          + 7*S[1,n]*eta^6
          - 15*S[1,n]*D1^6
          - 5/4*eta^7
          - 5/2*D1^7
          )
      + 4/3 * (
          - 64*S[1,1,3,1,n]
          + 80*S[1,1,4,n]
          - 88*S[1,2,3,n]
          - 112*S[1,3,1,1,n]
          - 152*S[1,3,2,n]
          - 224*S[1,4,1,n]
          + 280*S[1,5,n]
          - 88*S[2,1,3,n]
          - 156*S[2,2,2,n]
          - 176*S[2,3,1,n]
          + 186*S[2,4,n]
          - 172*S[3,1,2,n]
          - 172*S[3,2,1,n]
          + 286*S[3,3,n]
          - 148*S[4,1,1,n]
          + 342*S[4,2,n]
          + 378*S[5,1,n]
          - 260*S[6,n]
          - 240*S[1,1,3,n]*eta
          + 144*S[1,2,2,n]*eta
          + 416*S[1,3,1,n]*eta
          - 184*S[1,4,n]*eta
          + 144*S[2,1,2,n]*eta
          + 144*S[2,2,1,n]*eta
          + 20*S[2,3,n]*eta
          + 344*S[3,1,1,n]*eta
          - 212*S[3,2,n]*eta
          - 296*S[4,1,n]*eta
          + 4*S[5,n]*eta
          + 216*S[1,1,2,n]*eta^2
          + 216*S[1,2,1,n]*eta^2
          - 158*S[1,3,n]*eta^2
          - 88*S[1,3,n]*D1^2
          + 216*S[2,1,1,n]*eta^2
          - 216*S[2,2,n]*eta^2
          - 228*S[2,2,n]*D1^2
          - 252*S[3,1,n]*eta^2
          - 304*S[3,1,n]*D1^2
          + 103*S[4,n]*eta^2
          + 310*S[4,n]*D1^2
          + 288*S[1,1,1,n]*eta^3
          - 274*S[1,2,n]*eta^3
          - 24*S[1,2,n]*D1^3
          - 274*S[2,1,n]*eta^3
          - 24*S[2,1,n]*D1^3
          + 160*S[3,n]*eta^3
          - 20*S[3,n]*D1^3
          - 436*S[1,1,n]*eta^4
          - 420*S[1,1,n]*D1^4
          + 229*S[2,n]*eta^4
          + 192*S[2,n]*D1^4
          + 108*S[1,n]*eta^5
          - 368*S[1,n]*D1^5
          - 25/2*eta^6
          - 95*D1^6
          )
      +  2/9* (
          + 3216*S[1,2,2,n]
          + 5788*S[1,3,1,n]
          - 4745*S[1,4,n]
          + 3216*S[2,1,2,n]
          + 3216*S[2,2,1,n]
          - 3635*S[2,3,n]
          + 3684*S[3,1,1,n]
          - 5581*S[3,2,n]
          - 6899*S[4,1,n]
          + 4086*S[5,n]
          + 1272*S[1,3,n]*eta
          - 912*S[2,2,n]*eta
          - 3350*S[3,1,n]*eta
          + 3233/2*S[4,n]*eta
          + 864*S[1,1,1,n]*eta^2
          - 1446*S[1,2,n]*eta^2
          + 4416*S[1,2,n]*D1^2
          - 1446*S[2,1,n]*eta^2
          + 4416*S[2,1,n]*D1^2
          + 1051*S[3,n]*eta^2
          - 5099*S[3,n]*D1^2
          - 2070*S[1,1,n]*eta^3
          - 1704*S[1,1,n]*D1^3
          + 3187/2*S[2,n]*eta^3
          + 3432*S[2,n]*D1^3
          + 1789*S[1,n]*eta^4
          - 2985*S[1,n]*D1^4
          - 498*eta^5
          - 1254*D1^5
          )
      + 1/27* (
          + 14240*S[1,3,n]
          + 18058*S[2,2,n]
          + 22200*S[3,1,n]
          - 55291/2*S[4,n]
          - 27576*S[1,2,n]*eta
          - 27576*S[2,1,n]*eta
          + 17492*S[3,n]*eta
          - 31698*S[1,1,n]*eta^2
          - 8064*S[1,1,n]*D1^2
          + 23689*S[2,n]*eta^2
          + 46306*S[2,n]*D1^2
          + 32625*S[1,n]*eta^3
          - 14304*S[1,n]*D1^3
          - 12997/2*eta^4
          - 9883/2*D1^4
          - 88832/3*S[1,2,n]
          - 88832/3*S[2,1,n]
          + 71591/2*S[3,n]
          + 828*S[1,1,n]*eta
          - 18725/3*S[2,n]*eta
          + 19757/6*S[1,n]*eta^2
          - 261590/3*S[1,n]*D1^2
          - 15469/3*eta^3
          - 205282/3*D1^3
          - 24211*S[2,n]
          + 278627/3*S[1,n]*eta
          - 231341/6*eta^2
          - 134154*D1^2
          + 84278/3*S[1,n]
          + 534767/12*eta
          + 1379569/192
          )
       + 32/3*z3 * (
          + 6*S[4,n]
          - 6*S[3,1,n]
          - 6*S[1,3,n]
          + 3*S[3,n]*eta
          - 24*S[1,1,n]*eta^2
          + 12*S[2,n]*eta^2
          + 15*S[1,n]*eta^3
          - 3/4*eta^4
          - 13/2*S[3,n]
          + 60*S[1,1,n]*eta
          - 30*S[2,n]*eta
          - 7/2*S[1,n]*eta^2
          - eta^3
          - 31*S[1,n]*eta
          + 13/16*eta^2
          + 211/9*S[1,n]
          + 839/72*eta
          - 1517/96
          )
       + 80*z5 * (
          - 5*eta^2
          + 8*eta
          - 11/4
          )
        )
);

(* eq 3.7 *)
gqq3Lncnf1 =(
	+ cf*nc^2* (
       16 * (
          - 4*S[1,1,3,n]*eta^2
          + 4*S[1,3,1,n]*eta^2
          + 2*S[2,3,n]*eta^2
          - 2*S[4,1,n]*eta^2
          + 2*S[1,3,n]*eta^3
          - 2*S[3,1,n]*eta^3
          )
       + 8/3 * (
          + 32*S[1,1,3,1,n]
          - 40*S[1,1,4,n]
          + 8*S[1,2,3,n]
          - 16*S[1,3,1,1,n]
          + 40*S[1,3,2,n]
          + 40*S[1,4,1,n]
          - 32*S[1,5,n]
          + 8*S[2,1,3,n]
          + 24*S[2,2,2,n]
          + 16*S[2,3,1,n]
          - 12*S[2,4,n]
          + 32*S[3,1,2,n]
          + 32*S[3,2,1,n]
          - 44*S[3,3,n]
          + 56*S[4,1,1,n]
          - 72*S[4,2,n]
          - 72*S[5,1,n]
          + 40*S[6,n]
