(* ::Package:: *)

(* 
Non Singlet large nf parts. 
Expessions are taken from 1610.07477
*)
eta = 1/(n)*1/(n+1);
nu = 1/(n-1)*1/(n+2);

(* eq 3.6 *)
gqq3nsnf3 = cf*(
         -32/27*z3*eta
         -16/9*z3
         -16/27*eta^4
         -16/81*eta^3
         +80/27*eta^2
         -320/81*eta
         +32/27*1/(n+1)^4
         +128/27*1/(n+1)^2
         +64/27*S[1,n]*z3
         -32/81*S[1,n]
         -32/81*S[2,n]
         -160/81*S[3,n]
         +32/27*S[4,n]
         +131/81
);

(* eq 3.1 *)
gqq3nsnf2A = (
         +32/3*z3*eta^2
         -320/9*z3*eta
         -88/3*z3
         +16*z4*eta
         +24*z4
         -32/3*eta^5
         +944/81*eta^3
         -4550/81*eta^2
         +20681/81*eta
         -64/3*1/(n+1)^2*z3
         -64/3*1/(n+1)^5
         -128/3*1/(n+1)^4*S[1,n]
         -304/9*1/(n+1)^4
         -128/9*1/(n+1)^3*S[1,n]
         -7088/81*1/(n+1)^3
         -6784/81*1/(n+1)^2*S[1,n]
         +2048/27*1/(n+1)^2*S[2,n]
         -128/9*1/(n+1)^2*S[3,n]
         -13640/27*1/(n+1)^2
         +640/9*S[1,n]*z3
         -32*S[1,n]*z4
         +160/9*S[1,n]*eta^4
         +32/3*S[1,n]*eta^3
         -7312/81*S[1,n]*eta^2
         +6784/81*S[1,n]*eta
         +4238/81*S[1,n]
         -1216/81*S[1,2,n]
         +640/27*S[1,3,n] 
         -128/9*S[1,3,1,n] 
         +64/9*S[1,4,n] 
         -64/3*S[2,n]*z3 
         +128/9*S[2,n]*eta^3 
         +32/27*S[2,n]*eta^2 
         -3328/81*S[2,n]*eta 
         -10072/81*S[2,n] 
         -1216/81*S[2,1,n] 
         +1280/27*S[2,2,n] 
         -128/9*S[2,3,n] 
         +64/9*S[3,n]*eta^2 
         -128/27*S[3,n]*eta 
         +9184/81*S[3,n] 
         +64/9*S[3,1,n]*eta 
         +640/9*S[3,1,n] 
         -256/9*S[3,2,n] 
         -32/9*S[4,n]*eta 
         -848/9*S[4,n] 
         -320/9*S[4,1,n] 
         +128/3*S[5,n]
         +127/9
 );
 
(* eq 3.2 *)
gqq3nspnf2B = (
         +32/3*z3*eta^2
         -320/9*z3*eta
         -88/3*z3
         +16*z4*eta
         +24*z4
         +88/9*eta^4
         -232/27*eta^3
         -2447/81*eta^2
         +15077/162*eta
         -64/3*1/(n+1)^2*z3
         -32*1/(n+1)^4*S[1, n]
         -176/9*1/(n+1)^4
         -64/3*1/(n+1)^3*S[1, n]
         +64/9*1/(n+1)^2*S[-3, n]
         -1024/27*1/(n+1)^2*S[-2, n]
         +128/9*1/(n+1)^2*S[-2,1, n]
         -64/3*1/(n+1)^2*S[1, n]
         +32/3*1/(n+1)^2*S[3, n]
         -15122/81*1/(n+1)^2 
         -32/3*S[-5, n]
         -32/9*S[-4, n]*eta 
         +640/27*S[-4, n]
         -128/9*S[-4,1, n]
         -32/9*S[-3, n]*eta^2 
         +320/27*S[-3, n]*eta 
         -608/81*S[-3, n]
         -64/9*S[-3,-2, n]
         -64/9*S[-3,1, n]*eta 
         +640/27*S[-3,1, n]
         -128/9*S[-3,1,1, n]
         +416/27*S[-2, n]*eta^2 
         +256/81*S[-2, n]*eta 
         -64/9*S[-2,-2, n]*eta 
         -64/9*S[-2,1, n]*eta^2 
         +640/27*S[-2,1, n]*eta 
         -128/9*S[-2,1,1, n]*eta 
         +640/9*S[1, n]*z3
         -32*S[1, n]*z4 
         +32/3*S[1, n]*eta^4 
         +80/9*S[1, n]*eta^3 
         -136/3*S[1, n]*eta^2 
         +176/9*S[1, n]*eta 
         +923/81*S[1, n]
         +64/9*S[1,-4, n]
         -640/27*S[1,-3, n]
         +128/9*S[1,-3,1, n]
         +1216/81*S[1,-2, n]
         +128/9*S[1,-2,-2, n]
         -1280/27*S[1,-2,1, n]
         +256/9*S[1,-2,1,1, n]
         +64/9*S[1,1, n]*eta^3 
         +128/9*S[1,1, n]*eta^2 
         -320/9*S[1,3, n]
         -64/9*S[1,3,1, n]
         +256/9*S[1,4, n]
         -64/3*S[2, n]*z3 
         +16/9*S[2, n]*eta^3 
         +32/9*S[2, n]*eta^2 
         -3170/81*S[2, n]
         +64/9*S[2,-3, n]
         -640/27*S[2,-2, n]
         +128/9*S[2,-2,1, n]
         +32/3*S[2,3, n]
         -16/3*S[3, n]*eta^2 
         +160/9*S[3, n]*eta 
         +4952/81*S[3, n]
         +64/9*S[3,-2, n]
         +32/9*S[3,1, n]*eta 
         +320/27*S[3,1, n]
         -32/9*S[3,2, n]
         -128/9*S[4, n]*eta 
         -1168/27*S[4, n]
         -64/9*S[4,1, n]
         +32/3*S[5, n]
         +193/54
);

(* eq 3.3 *)
gqq3nsmnf2B = (
         +32/3*z3*eta^2
         -320/9*z3*eta
         -88/3*z3
         +16*z4*eta
         +24*z4
         -32/3*eta^5
         -56/27*eta^4
         +3640/81*eta^3
         -583/9*eta^2
         +25541/162*eta
         -64/3*1/(n+1)^2*z3
         +256/9*1/(n+1)^5
         +32/3*1/(n+1)^4*S[1, n]
         -112*1/(n+1)^4
         +64/9*1/(n+1)^3*S[1, n]
         -1856/27*1/(n+1)^3
         +64/9*1/(n+1)^2*S[-3, n]
         -1024/27*1/(n+1)^2*S[-2, n]
         +128/9*1/(n+1)^2*S[-2,1, n]
         +64/9*1/(n+1)^2*S[1, n]
         +32/3*1/(n+1)^2*S[3, n]
         -20978/81*1/(n+1)^2 
         -32/3*S[-5, n]
         -32/9*S[-4, n]*eta 
         +640/27*S[-4, n]
         -128/9*S[-4,1, n]
         -32/9*S[-3, n]*eta^2 
         +320/27*S[-3, n]*eta 
         -608/81*S[-3, n]
         -64/9*S[-3,-2, n]
         -64/9*S[-3,1, n]*eta 
         +640/27*S[-3,1, n]
         -128/9*S[-3,1,1, n]
         -64/9*S[-2, n]*eta^3 
         +32/27*S[-2, n]*eta^2 
         +256/81*S[-2, n]*eta 
         -64/9*S[-2,-2, n]*eta 
         -64/9*S[-2,1, n]*eta^2 
         +640/27*S[-2,1, n]*eta 
         -128/9*S[-2,1,1, n]*eta 
         +640/9*S[1, n]*z3
         -32*S[1, n]*z4
         -32/9*S[1, n]*eta^4 
         -80/27*S[1, n]*eta^3 
         +344/27*S[1, n]*eta^2 
         -16/3*S[1, n]*eta 
         +923/81*S[1, n]
         +64/9*S[1,-4, n]
         -640/27*S[1,-3, n]
         +128/9*S[1,-3,1, n]
         +1216/81*S[1,-2, n]
         +128/9*S[1,-2,-2, n]
         -1280/27*S[1,-2,1, n]
         +256/9*S[1,-2,1,1, n]
         -64/9*S[1,1, n]*eta^3 
         -128/9*S[1,1, n]*eta^2 
         -320/9*S[1,3, n]
         -64/9*S[1,3,1, n]
         +256/9*S[1,4, n]
         -64/3*S[2, n]*z3 
         +16/9*S[2, n]*eta^3
         +32/9*S[2, n]*eta^2 
         -3170/81*S[2, n]
         +64/9*S[2,-3, n]
         -640/27*S[2,-2, n]
         +128/9*S[2,-2,1, n]
         +32/3*S[2,3, n]
         -16/3*S[3, n]*eta^2 
         +160/9*S[3, n]*eta 
         +4952/81*S[3, n]
         +64/9*S[3,-2, n]
         +32/9*S[3,1, n]*eta 
         +320/27*S[3,1, n]
         -32/9*S[3,2, n]
         -128/9*S[4, n]*eta 
         -1168/27*S[4, n]
         -64/9*S[4,1, n]
         +32/3*S[5, n]
         +193/54
);

(* eq 2.12, note the 2 before cf is already included, see ancillary file *)
gqq3nspnf2 = cf^2 * gqq3nsnf2A + cf * (ca - 2 * cf) * gqq3nspnf2B;
gqq3nsmnf2 = cf^2 * gqq3nsnf2A + cf * (ca - 2 * cf) * gqq3nsmnf2B;

(* eq 3.5 *)
gqq3nssnf2 = 64/3* 5/18*  (
      + ( S[-4, n] + 2*S[-3,1, n] + 2*S[1,-3, n] 
