(* ::Package:: *)

(* 
Singlet large nf parts. 
Expessions are taken from 161007477
*)
eta = 1/(n)*1/(n+1);
nu = 1/(n-1)*1/(n+2);

(* eq 3.10 *)
gqq3psnf3=(
      +cf*(
         +128/9*1/(n-1)*z3
         -128/81*1/(n-1)*S[1,n]
         +256/27*1/(n-1)*S[1,1,n]
         -256/27*1/(n-1)*S[1,1,1,n]
         -64/81*1/(n-1)
         -32/3*1/(n+1)*z3
         -64/3*1/(n+1)^2*z3
         +352/9*1/(n+1)^5 
         +320/9*1/(n+1)^4*S[1,n]
         -1648/27*1/(n+1)^4 
         -1184/27*1/(n+1)^3*S[1,n]
         +256/9*1/(n+1)^3*S[1,1,n]
         -32/3*1/(n+1)^3 
         -3200/81*1/(n+1)^2*S[1,n]
         -256/27*1/(n+1)^2*S[1,1,n]
         +128/9*1/(n+1)^2*S[1,1,1,n]
         +6880/81*1/(n+1)^2 
         +7232/81*1/(n+1)*S[1,n]
         -1088/27*1/(n+1)*S[1,1,n]
         +64/9*1/(n+1)*S[1,1,1,n]
         -6592/81*1/(n+1)
         -128/9*1/(n+2)*z3
         +512/27*1/(n+2)^4 
         +512/27*1/(n+2)^3*S[1,n]
         -2816/81*1/(n+2)^3 
         -2816/81*1/(n+2)^2*S[1,n]
         +512/27*1/(n+2)^2*S[1,1,n]
         +128/9*1/(n+2)^2 
         -4096/81*1/(n+2)*S[1,n]
         +128/27*1/(n+2)*S[1,1,n]
         +256/27*1/(n+2)*S[1,1,1,n]
         +5824/81*1/(n+2)
         +32/3*1/(n)*z3
         -64/3*1/(n)^2*z3
         +32/9*1/(n)^5
         +64/9*1/(n)^4*S[1,n]
         -464/27*1/(n)^4 
         -928/27*1/(n)^3*S[1,n]
         +128/9*1/(n)^3*S[1,1,n]
         +2336/81*1/(n)^3 
         +3136/81*1/(n)^2*S[1,n]
         -832/27*1/(n)^2*S[1,1,n]
         +128/9*1/(n)^2*S[1,1,1,n]
         -1888/81*1/(n)^2 
         -3008/81*1/(n)*S[1,n]
         +704/27*1/(n)*S[1,1,n]
         -64/9*1/(n)*S[1,1,1,n]
         +832/81*1/(n)
         )
);

(* eq. 3.12 *)
gqg3nf3 =(
      ca*(
         +128/27*1/(n-1)*z3
         +256/729*1/(n-1)*S[1,n]
         +416/243*1/(n-1)*S[1,1,n]
         +416/243*1/(n-1)*S[2,n]
         -256/81*1/(n-1)
         +128/9*1/(n+1)*z3
         -128/9*1/(n+1)^2*z3
         +704/27*1/(n+1)^5 
         +128/9*1/(n+1)^4*S[1,n]
         -4544/81*1/(n+1)^4 
         -16/9*1/(n+1)^3*S[1,n]
         +256/27*1/(n+1)^3*S[2,n]
         +5672/81*1/(n+1)^3 
         +16/27*1/(n+1)^2*S[-2,n]
         -3532/243*1/(n+1)^2*S[1,n]
         +472/81*1/(n+1)^2*S[1,1,n]
         -64/27*1/(n+1)^2*S[1,1,1,n]
         +64/27*1/(n+1)^2*S[1,2,n]
         -1216/81*1/(n+1)^2*S[2,n]
         -64/27*1/(n+1)^2*S[2,1,n]
         +64/27*1/(n+1)^2*S[3,n]
         -9596/243*1/(n+1)^2
         -256/27*1/(n+1)*S[-4,n]
         +896/81*1/(n+1)*S[-3,n]
         -160/243*1/(n+1)*S[-2,n]
         +128/9*1/(n+1)*S[1,n]*z3
         +7580/243*1/(n+1)*S[1,n]
         +2564/243*1/(n+1)*S[1,1,n]
         +640/81*1/(n+1)*S[1,1,1,n]
         -64/27*1/(n+1)*S[1,1,1,1,n]
         +64/27*1/(n+1)*S[1,1,2,n]
         -640/81*1/(n+1)*S[1,2,n]
         -64/27*1/(n+1)*S[1,2,1,n]
         +64/27*1/(n+1)*S[1,3,n]
         +2212/81*1/(n+1)*S[2,n]
         +640/81*1/(n+1)*S[2,1,n]
         -64/27*1/(n+1)*S[2,1,1,n]
         +64/27*1/(n+1)*S[2,2,n]
         +256/81*1/(n+1)*S[3,n]
         -64/27*1/(n+1)*S[3,1,n]
         -64/9*1/(n+1)*S[4,n]
         +500/81*1/(n+1)
         -608/27*1/(n+2)*z3
         -128/9*1/(n+2)^2*z3
         +512/27*1/(n+2)^5 
         +256/27*1/(n+2)^4*S[1,n]
         -1024/27*1/(n+2)^4 
         -3776/81*1/(n+2)^3*S[1,n]
         +128/27*1/(n+2)^3*S[1,1,n]
         -128/27*1/(n+2)^3*S[2,n]
         +5440/243*1/(n+2)^3 
         -3424/81*1/(n+2)^2*S[1,n]
         -352/27*1/(n+2)^2*S[1,1,n]
         +64/27*1/(n+2)^2*S[1,1,1,n]
         -64/27*1/(n+2)^2*S[1,2,n]
         +224/81*1/(n+2)^2*S[2,n]
         +64/27*1/(n+2)^2*S[2,1,n]
         -64/27*1/(n+2)^2*S[3,n]
         +10448/243*1/(n+2)^2 
         +256/27*1/(n+2)*S[-4,n]
         -896/81*1/(n+2)*S[-3,n]
         +448/243*1/(n+2)*S[-2,n]
         -128/9*1/(n+2)*S[1,n]*z3
         -34894/729*1/(n+2)*S[1,n]
         -1396/243*1/(n+2)*S[1,1,n]
         -640/81*1/(n+2)*S[1,1,1,n]
         +64/27*1/(n+2)*S[1,1,1,1,n]
         -64/27*1/(n+2)*S[1,1,2,n]
         +640/81*1/(n+2)*S[1,2,n]
         +64/27*1/(n+2)*S[1,2,1,n]
         -64/27*1/(n+2)*S[1,3,n]
         -5108/243*1/(n+2)*S[2,n]
         -640/81*1/(n+2)*S[2,1,n]
         +64/27*1/(n+2)*S[2,1,1,n]
         -64/27*1/(n+2)*S[2,2,n]
         -256/81*1/(n+2)*S[3,n]
         +64/27*1/(n+2)*S[3,1,n]
         +64/9*1/(n+2)*S[4,n]
         -538/81*1/(n+2)
         +32/9*1/(n)*z3
         -64/9*1/(n)^2*z3
         +32/9*1/(n)^5 
         -256/27*1/(n)^4*S[1,n]
         +464/81*1/(n)^4 
         +724/81*1/(n)^3*S[1,n]
         -64/27*1/(n)^3*S[1,1,n]
         -64/27*1/(n)^3*S[2,n]
         +1108/243*1/(n)^3 
         -1412/81*1/(n)^2*S[1,n]
         +20/27*1/(n)^2*S[1,1,n]
         +20/27*1/(n)^2*S[2,n]
         +2572/243*1/(n)^2 
         +128/27*1/(n)*S[-4,n]
         -640/81*1/(n)*S[-3,n]
         +608/243*1/(n)*S[-2,n]
         -64/9*1/(n)*S[1,n]*z3
         +5726/243*1/(n)*S[1,n]
         -1264/243*1/(n)*S[1,1,n]
         -320/81*1/(n)*S[1,1,1,n]
         +32/27*1/(n)*S[1,1,1,1,n]
         -32/27*1/(n)*S[1,1,2,n]
         +320/81*1/(n)*S[1,2,n]
         +32/27*1/(n)*S[1,2,1,n]
         -32/27*1/(n)*S[1,3,n]
         -208/27*1/(n)*S[2,n]
         -320/81*1/(n)*S[2,1,n]
         +32/27*1/(n)*S[2,1,1,n]
         -32/27*1/(n)*S[2,2,n]
         -320/81*1/(n)*S[3,n]
         +32/27*1/(n)*S[3,1,n]
         +32/9*1/(n)*S[4,n]
         -1310/243*1/(n)
         )
      +cf*(
         +512/27*1/(n-1)*z3
         -5632/729*1/(n-1)*S[1,n]
         -128/27*1/(n-1)*S[1,1,n]
         +256/81*1/(n-1)*S[1,1,1,n]
         -256/81*1/(n-1)*S[1,2,n]
         -2176/243*1/(n-1)*S[2,n]
         -256/81*1/(n-1)*S[2,1,n]
         -256/81*1/(n-1)*S[3,n]
         +15872/729*1/(n-1)
         +2944/9*1/(n+1)*z3
         -64/9*1/(n+1)^2*z3
         +256/3*1/(n+1)^3*z3
         -1408/9*1/(n+1)^6 
         -640/9*1/(n+1)^5*S[1,n]
         +7328/27*1/(n+1)^5 
         +2048/27*1/(n+1)^4*S[1,n]
         +128/9*1/(n+1)^4*S[1,1,n]
         -640/9*1/(n+1)^4*S[2,n]
         -11552/81*1/(n+1)^4
         +3680/81*1/(n+1)^3*S[1,n]
         +512/27*1/(n+1)^3*S[1,1,n]
         +128/9*1/(n+1)^3*S[1,1,1,n]
         -128/9*1/(n+1)^3*S[1,2,n]
         +256/27*1/(n+1)^3*S[2,n]
         -128/9*1/(n+1)^3*S[2,1,n]
         -128/9*1/(n+1)^3*S[3,n]
         -12968/243*1/(n+1)^3
         -2000/81*1/(n+1)^2*S[1,n]
         -160/27*1/(n+1)^2*S[1,1,n]
         +544/9*1/(n+1)^2*S[2,n]
         +20320/81*1/(n+1)^2 
         -128/9*1/(n+1)*S[1,n]*z3
         -54656/243*1/(n+1)*S[1,n]
         +26128/243*1/(n+1)*S[1,1,n]
         +3680/81*1/(n+1)*S[1,1,1,n]
         +64/27*1/(n+1)*S[1,1,1,1,n]
         -160/3*1/(n+1)*S[1,2,n]
         -2816/243*1/(n+1)*S[2,n]
         -160/3*1/(n+1)*S[2,1,n]
         -3488/81*1/(n+1)*S[3,n]
         -64/9*1/(n+1)*S[4,n]
         -2248/243*1/(n+1)
         -4352/27*1/(n+2)*z3
         -512/9*1/(n+2)^2*z3
         +2048/27*1/(n+2)^5 
         +1024/27*1/(n+2)^4*S[1,n]
         -512/27*1/(n+2)^4 
         +4352/81*1/(n+2)^3*S[1,n]
         -512/27*1/(n+2)^3*S[1,1,n]
         +512/9*1/(n+2)^3*S[2,n]
         -7040/243*1/(n+2)^3 
         +9664/243*1/(n+2)^2*S[1,n]
         -128/3*1/(n+2)^2*S[1,1,n]
         -256/27*1/(n+2)^2*S[1,1,1,n]
         +256/27*1/(n+2)^2*S[1,2,n]
         +9088/81*1/(n+2)^2*S[2,n]
         +256/27*1/(n+2)^2*S[2,1,n]
         +256/27*1/(n+2)^2*S[3,n]
         +30688/243*1/(n+2)^2
         +128/9*1/(n+2)*S[1,n]*z3
         +12208/729*1/(n+2)*S[1,n]
         -18784/243*1/(n+2)*S[1,1,n]
         -448/27*1/(n+2)*S[1,1,1,n]
         -64/27*1/(n+2)*S[1,1,1,1,n]
         +1984/81*1/(n+2)*S[1,2,n]
         +11744/81*1/(n+2)*S[2,n]
         +1984/81*1/(n+2)*S[2,1,n]
         +128/9*1/(n+2)*S[3,n]
         +64/9*1/(n+2)*S[4,n]
         +253192/729*1/(n+2)
         -1712/9*1/(n)*z3
         +544/9*1/(n)^2*z3
         -128/3*1/(n)^3*z3 
         +320/9*1/(n)^5*S[1,n]
         -2224/27*1/(n)^5 
         -160/3*1/(n)^4*S[1,n]
         +256/9*1/(n)^4*S[2,n]
         +7720/81*1/(n)^4 
         +12128/81*1/(n)^3*S[1,n]
         +128/27*1/(n)^3*S[1,1,n]
         -64/9*1/(n)^3*S[1,1,1,n]
