SetDesc: 'Toy PDF for benchmarking purpose as defined by Les Houches QCD/SM Working Group'
SetIndex: 0
Authors: S. Alekhin, C. Balazs, R. Ball, T. Binoth, E. Boos, M. Botje, M. Cacciari, S. Catani, V. Del Duca, M. Dobbs, S.D. Ellis, R. Field, D. de Florian, S. Forte, E. Gardi, T. Gehrmann, A. Gehrmann-De Ridder, W. Giele, E.W.N. Glover, M. Grazzini, J.-Ph. Guillet, G. Heinrich, J. Huston, I. Hinchliffe, V. Ilyin, J. Kanzaki, K. Kato, B. Kersevan, N. Kidonakis, A. Kulesza, Y. Kurihara, E. Laenen, K. Lassila-Perini, L. Lonnblad, L. Magnea, M. Mangano, K. Mazumudar, S. Moch, S. Mrenna, P. Nadolsky, P. Nason, F. Olness, F. Paige, E. Pilon, I. Puljak, J. Pumplin, E. Richter-Was, G. Salam, R. Scalise, M. Seymour, T. Sjostrand, G. Sterman, M. Tonnesmann, E. Tournefier, W. Vogelsang, A. Vogt, R. Vogt, B. Webber, C.-P. Yuan, D. Zeppenfeld
Reference: arXiv:hep-ph/0204316v1
Format: lhagrid1
DataVersion: 1
NumMembers: 1
Particle: 2212
Flavors: []
ForcePositive: 0
OrderQCD: 0
FlavorScheme: variable
NumFlavors: 3
XMin: 1.000000e-09
XMax: 1
QMin: 1.295000e+00
QMax: 100000
MZ: 1.414
MUp: 0
MDown: 0
MStrange: 0
MCharm: 1.414
MBottom: 4.5
MTop: 175
AlphaS_MZ: 0.35
AlphaS_OrderQCD: 0
AlphaS_Type: ipol
AlphaS_Qs:  [1.295000e+00, 1.475010e+00, 1.691180e+00, 1.952560e+00, 2.270860e+00, 2.661400e+00, 3.144360e+00, 3.746580e+00, 4.504060e+00, 5.465600e+00, 6.697950e+00, 8.293410e+00, 1.038100e+01, 1.314320e+01, 1.684110e+01, 2.185310e+01, 2.873440e+01, 3.831200e+01, 5.183410e+01, 7.121450e+01, 9.943320e+01, 1.412090e+02, 2.041420e+02, 3.007030e+02, 4.517430e+02, 6.928310e+02, 1.085930e+03, 1.741380e+03, 2.860290e+03, 4.818130e+03, 8.334020e+03, 1.482260e+04, 2.714580e+04, 5.126670e+04, 1.000000e+05]
AlphaS_Vals: [4.200710e-01, 3.895640e-01, 3.619420e-01, 3.368440e-01, 3.139670e-01, 2.930520e-01, 2.738810e-01, 2.562640e-01, 2.400390e-01, 2.250660e-01, 2.112210e-01, 1.983960e-01, 1.864960e-01, 1.754390e-01, 1.651500e-01, 1.555630e-01, 1.466190e-01, 1.382660e-01, 1.304560e-01, 1.231460e-01, 1.162990e-01, 1.098790e-01, 1.038540e-01, 9.819640e-02, 9.287940e-02, 8.787930e-02, 8.317410e-02, 7.874380e-02, 7.457000e-02, 7.063560e-02, 6.692520e-02, 6.342420e-02, 6.011950e-02, 5.699860e-02, 5.405020e-02]
